 2828 bases
...     1 U ...
   18.9933   145.1784   110.8013  # origin
   -0.1187    -0.9929    -0.0001  # x-axis
    0.1807    -0.0215    -0.9833  # y-axis
    0.9763    -0.1168     0.1820  # z-axis
...     2 A ...
   27.9388   144.6160   105.8266  # origin
   -0.5142    -0.8573     0.0256  # x-axis
   -0.8159     0.4797    -0.3227  # y-axis
    0.2644    -0.1868    -0.9461  # z-axis
...     3 U ...
   26.5980   141.1350   102.7968  # origin
   -0.9923     0.0136    -0.1229  # x-axis
    0.0414     0.9730    -0.2269  # y-axis
    0.1166    -0.2302    -0.9661  # z-axis
...     4 G ...
   21.3040   141.1559    98.9990  # origin
   -0.5522     0.8048    -0.2176  # x-axis
    0.8317     0.5497    -0.0775  # y-axis
    0.0572    -0.2238    -0.9730  # z-axis
...     5 C ...
   19.8056   139.1524    96.0810  # origin
   -0.0267     0.9793    -0.2008  # x-axis
    0.9996     0.0280     0.0033  # y-axis
    0.0089    -0.2007    -0.9796  # z-axis
...     6 C ...
   18.5953   139.2879    92.3902  # origin
    0.4661     0.8769     0.1177  # x-axis
    0.8748    -0.4767     0.0870  # y-axis
    0.1324     0.0624    -0.9892  # z-axis
...     7 A ...
   18.3027   140.9301    89.5088  # origin
    0.8416     0.4571     0.2877  # x-axis
    0.5013    -0.8594    -0.1010  # y-axis
    0.2010     0.2292    -0.9524  # z-axis
...     8 G ...
   18.2089   143.7631    86.9880  # origin
    0.9651     0.0867     0.2471  # x-axis
    0.1591    -0.9436    -0.2903  # y-axis
    0.2080     0.3195    -0.9245  # z-axis
...     9 C ...
   20.4707   145.7216    84.7316  # origin
    0.7941    -0.6074     0.0223  # x-axis
   -0.5414    -0.7235    -0.4283  # y-axis
    0.2763     0.3280    -0.9034  # z-axis
...    10 U ...
   22.5414   146.9417    82.1691  # origin
    0.2325    -0.9707     0.0601  # x-axis
   -0.8698    -0.2352    -0.4337  # y-axis
    0.4351     0.0485    -0.8991  # z-axis
...    11 G ...
   25.2281   145.8897    80.2637  # origin
   -0.3546    -0.9294    -0.1026  # x-axis
   -0.7988     0.3582    -0.4833  # y-axis
    0.4859    -0.0894    -0.8694  # z-axis
...    12 G ...
   28.7877   143.9275    79.0308  # origin
   -0.6266    -0.7558    -0.1900  # x-axis
   -0.6145     0.6291    -0.4760  # y-axis
    0.4793    -0.1815    -0.8587  # z-axis
...    13 U ...
   28.6987   141.3704    76.0787  # origin
   -0.8958     0.0062    -0.4445  # x-axis
    0.1155     0.9688    -0.2191  # y-axis
    0.4293    -0.2476    -0.8686  # z-axis
...    14 G ...
   27.2977   142.7897    71.9352  # origin
   -0.3279     0.8663    -0.3768  # x-axis
    0.9370     0.3490    -0.0131  # y-axis
    0.1201    -0.3574    -0.9262  # z-axis
...    15 G ...
   27.9920   143.6820    69.0385  # origin
    0.0801     0.9862    -0.1449  # x-axis
    0.9689    -0.1112    -0.2211  # y-axis
   -0.2342    -0.1227    -0.9644  # z-axis
...    16 A ...
   25.9589   137.3907    67.0355  # origin
    0.0514     0.8758    -0.4800  # x-axis
    0.9987    -0.0430     0.0286  # y-axis
    0.0044    -0.4808    -0.8768  # z-axis
...    17 U ...
   26.2570   138.5561    62.8968  # origin
    0.8195     0.5195    -0.2418  # x-axis
    0.5730    -0.7466     0.3380  # y-axis
   -0.0049    -0.4155    -0.9096  # z-axis
...    18 U ...
   26.5393   138.6339    60.0956  # origin
    0.9974     0.0524     0.0500  # x-axis
    0.0441    -0.9869     0.1549  # y-axis
    0.0574    -0.1523    -0.9867  # z-axis
...    19 G ...
   28.8391   138.3889    56.9949  # origin
    0.7677    -0.4470     0.4591  # x-axis
   -0.5216    -0.8522     0.0426  # y-axis
    0.3722    -0.2721    -0.8874  # z-axis
...    20 C ...
   32.4268   137.5599    55.3605  # origin
    0.2406    -0.8249     0.5116  # x-axis
   -0.8033    -0.4651    -0.3720  # y-axis
    0.5447    -0.3215    -0.7746  # z-axis
...    21 U ...
   34.9263   136.1824    54.0987  # origin
   -0.3039    -0.7793     0.5480  # x-axis
   -0.5921    -0.2961    -0.7495  # y-axis
    0.7464    -0.5522    -0.3715  # z-axis
...    22 C ...
   35.2893   146.4459    47.3835  # origin
   -0.8513     0.0329     0.5237  # x-axis
   -0.1614    -0.9661    -0.2016  # y-axis
    0.4993    -0.2561     0.8277  # z-axis
...    23 G ...
   37.8230   130.7597    48.5437  # origin
   -0.6754    -0.1688    -0.7179  # x-axis
    0.2264     0.8790    -0.4197  # y-axis
    0.7018    -0.4460    -0.5555  # z-axis
...    24 G ...
   38.8279   127.2076    46.5869  # origin
   -0.5057     0.2613    -0.8222  # x-axis
    0.4884     0.8723    -0.0232  # y-axis
    0.7111    -0.4132    -0.5688  # z-axis
...    25 C ...
   39.7462   125.9868    42.9562  # origin
    0.0425     0.8316    -0.5537  # x-axis
    0.7203     0.3585     0.5938  # y-axis
    0.6923    -0.4241    -0.5838  # z-axis
...    26 U ...
   40.8953   125.7047    40.0024  # origin
    0.4370     0.8957    -0.0825  # x-axis
    0.6805    -0.2692     0.6816  # y-axis
    0.5882    -0.3540    -0.7271  # z-axis
...    27 C ...
   41.6918   125.0900    36.8934  # origin
    0.6775     0.6959     0.2381  # x-axis
    0.5126    -0.6789     0.5257  # y-axis
    0.5275    -0.2341    -0.8166  # z-axis
...    28 A ...
   43.9044   125.9938    33.4755  # origin
    0.6729     0.3171     0.6683  # x-axis
    0.0756    -0.9282     0.3643  # y-axis
    0.7359    -0.1946    -0.6485  # z-axis
...    29 G ...
   45.9912   126.9432    30.6292  # origin
    0.5595    -0.1410     0.8167  # x-axis
   -0.2397    -0.9708    -0.0034  # y-axis
    0.7934    -0.1939    -0.5770  # z-axis
...    30 G ...
   49.9563   127.3489    30.2730  # origin
    0.3455    -0.7134     0.6096  # x-axis
   -0.4942    -0.6906    -0.5281  # y-axis
    0.7977    -0.1188    -0.5912  # z-axis
...    31 C ...
   53.3030   124.8070    30.0162  # origin
   -0.1813    -0.9828    -0.0339  # x-axis
   -0.5111     0.1236    -0.8506  # y-axis
    0.8402    -0.1369    -0.5247  # z-axis
...    32 G ...
   55.5568   123.4489    29.4338  # origin
   -0.4333    -0.7136    -0.5505  # x-axis
   -0.0579     0.6316    -0.7732  # y-axis
    0.8994    -0.3032    -0.3150  # z-axis
...    33 C ...
   66.6653   131.7918    30.2178  # origin
    0.7730    -0.5793    -0.2585  # x-axis
   -0.5144    -0.3340    -0.7898  # y-axis
    0.3712     0.7435    -0.5562  # z-axis
...    34 U ...
   69.4755   134.8789    29.6027  # origin
    0.3541    -0.8110    -0.4658  # x-axis
   -0.8240    -0.0349    -0.5656  # y-axis
    0.4424     0.5841    -0.6805  # z-axis
...    35 G ...
   72.7025   134.8085    26.8809  # origin
   -0.4093    -0.7578    -0.5081  # x-axis
   -0.8310     0.5395    -0.1353  # y-axis
    0.3767     0.3669    -0.8506  # z-axis
...    36 A ...
   77.0626   140.6543    29.6509  # origin
   -0.5295    -0.8040     0.2704  # x-axis
   -0.6188     0.1480    -0.7715  # y-axis
    0.5803    -0.5758    -0.5759  # z-axis
...    37 U ...
   67.4026   144.3080    14.3335  # origin
    0.6718    -0.4158    -0.6130  # x-axis
    0.7230     0.1880     0.6647  # y-axis
   -0.1612    -0.8898     0.4270  # z-axis
...    38 G ...
   77.6587   147.2157    27.1932  # origin
    0.3395     0.5302    -0.7770  # x-axis
   -0.9356     0.1051    -0.3370  # y-axis
   -0.0970     0.8413     0.5317  # z-axis
...    39 A ...
   70.7956   140.5790    34.1973  # origin
    0.6635     0.7063     0.2468  # x-axis
   -0.3844     0.6048    -0.6974  # y-axis
   -0.6419     0.3678     0.6728  # z-axis
...    40 A ...
   69.9230   142.9117    37.0738  # origin
    0.2428     0.9229    -0.2989  # x-axis
   -0.7696    -0.0044    -0.6386  # y-axis
   -0.5906     0.3850     0.7092  # z-axis
...    41 G ...
   67.9393   148.5446    36.8800  # origin
   -0.3918     0.3483    -0.8516  # x-axis
   -0.6296    -0.7765    -0.0279  # y-axis
   -0.6709     0.5252     0.5234  # z-axis
...    42 G ...
   66.2213   152.0396    37.1866  # origin
   -0.6784    -0.1475    -0.7197  # x-axis
   -0.3160    -0.8258     0.4671  # y-axis
   -0.6633     0.5443     0.5136  # z-axis
...    43 A ...
   64.0162   155.2104    36.9600  # origin
   -0.8043    -0.5378    -0.2527  # x-axis
    0.1041    -0.5463     0.8311  # y-axis
   -0.5850     0.6421     0.4954  # z-axis
...    44 C ...
   60.7866   156.2954    37.0621  # origin
   -0.6074    -0.7288     0.3159  # x-axis
    0.4374     0.0251     0.8989  # y-axis
   -0.6631     0.6842     0.3036  # z-axis
...    45 G ...
   57.1998   156.6819    37.4706  # origin
   -0.2609    -0.5851     0.7679  # x-axis
    0.6232     0.5054     0.5968  # y-axis
   -0.7372     0.6343     0.2328  # z-axis
...    46 U ...
   54.1942   157.1376    39.4011  # origin
    0.2900    -0.0435     0.9560  # x-axis
    0.5223     0.8443    -0.1201  # y-axis
   -0.8019     0.5341     0.2676  # z-axis
...    47 G ...
   48.2951   159.1799    40.5562  # origin
    0.3947    -0.1198     0.9110  # x-axis
    0.3939     0.9178    -0.0500  # y-axis
   -0.8301     0.3785     0.4095  # z-axis
...    48 C ...
   41.2406   168.9189    41.0238  # origin
   -0.3254    -0.8380    -0.4379  # x-axis
    0.7604     0.0434    -0.6481  # y-axis
    0.5621    -0.5439     0.6231  # z-axis
...    49 C ...
   41.7300   166.2246    42.2179  # origin
    0.2282    -0.6250    -0.7465  # x-axis
    0.9019     0.4245    -0.0797  # y-axis
    0.3668    -0.6551     0.6606  # z-axis
...    50 A ...
   45.1634   160.8593    41.2807  # origin
   -0.3074     0.5062    -0.8058  # x-axis
    0.5715     0.7752     0.2691  # y-axis
    0.7609    -0.3778    -0.5276  # z-axis
...    51 A ...
   46.1658   158.8522    47.5048  # origin
   -0.3107     0.6211    -0.7195  # x-axis
    0.7489     0.6261     0.2172  # y-axis
    0.5854    -0.4713    -0.6597  # z-axis
...    52 G ...
   46.0854   155.8514    44.3724  # origin
    0.0501     0.8727    -0.4857  # x-axis
    0.7681     0.2772     0.5773  # y-axis
    0.6384    -0.4019    -0.6564  # z-axis
...    53 C ...
   47.0642   156.2795    41.2055  # origin
    0.5805     0.8142    -0.0045  # x-axis
    0.6415    -0.4540     0.6183  # y-axis
    0.5014    -0.3619    -0.7859  # z-axis
...    54 U ...
   50.1306   157.0031    38.5342  # origin
    0.7340     0.3673     0.5713  # x-axis
    0.1246    -0.8997     0.4184  # y-axis
    0.6676    -0.2359    -0.7061  # z-axis
...    55 G ...
   53.8304   157.7508    36.8962  # origin
    0.4913    -0.1874     0.8506  # x-axis
   -0.3455    -0.9384    -0.0071  # y-axis
    0.7995    -0.2904    -0.5258  # z-axis
...    56 C ...
   57.3866   156.5642    37.4358  # origin
    0.1040    -0.8037     0.5858  # x-axis
   -0.5025    -0.5508    -0.6664  # y-axis
    0.8583    -0.2251    -0.4612  # z-axis
...    57 G ...
   61.1606   156.2320    37.1127  # origin
   -0.4865    -0.8006     0.3498  # x-axis
   -0.4598    -0.1059    -0.8817  # y-axis
    0.7429    -0.5898    -0.3166  # z-axis
...    58 A ...
   65.0527   163.0843    35.9924  # origin
    0.0217    -0.9578     0.2867  # x-axis
   -0.5147    -0.2565    -0.8181  # y-axis
    0.8571    -0.1298    -0.4986  # z-axis
...    59 U ...
   57.3805   159.6172    19.9501  # origin
    0.8558    -0.0692    -0.5127  # x-axis
    0.4308     0.6442     0.6320  # y-axis
    0.2865    -0.7617     0.5811  # z-axis
...    60 A ...
   60.8859   163.0770    35.1408  # origin
    0.0852     0.9912    -0.1012  # x-axis
   -0.6940    -0.0139    -0.7198  # y-axis
   -0.7149     0.1316     0.6867  # z-axis
...    61 A ...
   51.7842   160.2867    38.5873  # origin
    0.2065    -0.5969     0.7753  # x-axis
   -0.5349    -0.7324    -0.4213  # y-axis
    0.8193    -0.3277    -0.4705  # z-axis
...    62 G ...
   55.4704   155.7589    26.0185  # origin
   -0.2429    -0.9700    -0.0116  # x-axis
   -0.8760     0.2142     0.4322  # y-axis
   -0.4167     0.1151    -0.9017  # z-axis
...    63 C ...
   54.0320   154.7215    20.8985  # origin
   -0.4284    -0.6407     0.6371  # x-axis
   -0.4318     0.7646     0.4785  # y-axis
   -0.7937    -0.0701    -0.6042  # z-axis
...    64 C ...
   51.0827   152.4390    18.1718  # origin
   -0.3450    -0.1436     0.9276  # x-axis
   -0.0736     0.9893     0.1258  # y-axis
   -0.9357    -0.0249    -0.3519  # z-axis
...    65 A ...
   48.0659   150.6227    16.9968  # origin
   -0.2952     0.3843     0.8747  # x-axis
    0.0806     0.9223    -0.3780  # y-axis
   -0.9520    -0.0411    -0.3032  # z-axis
...    66 U ...
   44.6077   150.0287    17.0887  # origin
   -0.0899     0.8238     0.5597  # x-axis
    0.1908     0.5658    -0.8022  # y-axis
   -0.9775     0.0347    -0.2080  # z-axis
...    67 G ...
   41.5537   150.5918    18.3951  # origin
    0.1940     0.9801     0.0408  # x-axis
    0.0959     0.0225    -0.9951  # y-axis
   -0.9763     0.1970    -0.0896  # z-axis
...    68 G ...
   38.4318   152.4064    20.2451  # origin
    0.2717     0.8422    -0.4657  # x-axis
   -0.0245    -0.4777    -0.8782  # y-axis
   -0.9621     0.2500    -0.1091  # z-axis
...    69 G ...
   36.8327   155.6539    17.6290  # origin
    0.0758     0.0400    -0.9963  # x-axis
   -0.4418    -0.8944    -0.0695  # y-axis
   -0.8939     0.4455    -0.0501  # z-axis
...    70 G ...
   34.3869   156.6556    16.0654  # origin
   -0.1970    -0.4465    -0.8728  # x-axis
   -0.6957    -0.5637     0.4453  # y-axis
   -0.6908     0.6949    -0.1996  # z-axis
...    71 A ...
   33.7650   161.5328    21.0246  # origin
    0.1520    -0.2096    -0.9659  # x-axis
   -0.8678    -0.4961    -0.0289  # y-axis
   -0.4732     0.8426    -0.2573  # z-axis
...    72 G ...
   33.6687   165.1919    27.2636  # origin
   -0.5662     0.7366     0.3699  # x-axis
   -0.7916    -0.6111     0.0053  # y-axis
    0.2299    -0.2898     0.9291  # z-axis
...    73 C ...
   35.2043   166.4217    30.5218  # origin
   -0.8930     0.2796     0.3527  # x-axis
   -0.3365    -0.9352    -0.1104  # y-axis
    0.2990    -0.2172     0.9292  # z-axis
...    74 C ...
   36.9522   167.8000    33.9190  # origin
   -0.9794    -0.1625     0.1199  # x-axis
    0.1314    -0.9636    -0.2327  # y-axis
    0.1533    -0.2121     0.9651  # z-axis
...    75 G ...
   47.2429   155.5402    40.8589  # origin
    0.4342     0.9000     0.0374  # x-axis
   -0.5447     0.2954    -0.7849  # y-axis
   -0.7175     0.3205     0.6185  # z-axis
...    76 C ...
   45.9074   156.5138    44.6408  # origin
    0.0765     0.9062    -0.4159  # x-axis
   -0.6364    -0.2768    -0.7200  # y-axis
   -0.7675     0.3198     0.5555  # z-axis
...    77 A ...
   44.7012   158.6088    46.3178  # origin
    0.4144    -0.7789     0.4707  # x-axis
   -0.7521    -0.5844    -0.3048  # y-axis
    0.5125    -0.2277    -0.8280  # z-axis
...    78 C ...
   30.3487   153.9512    46.0220  # origin
    0.7011    -0.6223     0.3481  # x-axis
    0.6965     0.7023    -0.1472  # y-axis
   -0.1528     0.3457     0.9258  # z-axis
...    79 G ...
   41.5738   166.9126    42.5112  # origin
    0.1307    -0.6540    -0.7452  # x-axis
   -0.8699    -0.4361     0.2302  # y-axis
   -0.4755     0.6182    -0.6259  # z-axis
...    80 G ...
   40.9690   168.8081    40.1800  # origin
   -0.3507    -0.8155    -0.4604  # x-axis
   -0.8400     0.0566     0.5397  # y-axis
   -0.4140     0.5760    -0.7049  # z-axis
...    81 A ...
   40.3572   169.0622    36.8458  # origin
   -0.6665    -0.7423    -0.0687  # x-axis
   -0.6344     0.5163     0.5753  # y-axis
   -0.3916     0.4270    -0.8150  # z-axis
...    82 G ...
   37.0387   167.6828    34.0021  # origin
   -0.9394    -0.1498     0.3083  # x-axis
   -0.0361     0.9377     0.3455  # y-axis
   -0.3408     0.3135    -0.8863  # z-axis
...    83 G ...
   35.3694   166.2977    30.5701  # origin
   -0.9152     0.3070     0.2610  # x-axis
    0.3503     0.9263     0.1388  # y-axis
   -0.1991     0.2185    -0.9553  # z-axis
...    84 C ...
   33.4043   165.1416    27.5753  # origin
   -0.5882     0.7597     0.2772  # x-axis
    0.7702     0.6308    -0.0943  # y-axis
   -0.2464     0.1581    -0.9562  # z-axis
...    85 G ...
   30.4372   166.6827    25.1912  # origin
    0.0800     0.9433     0.3221  # x-axis
    0.9626     0.0108    -0.2708  # y-axis
   -0.2589     0.3318    -0.9071  # z-axis
...    86 A ...
   27.7632   161.8868    20.0135  # origin
    0.3224    -0.0052     0.9466  # x-axis
    0.8227     0.4961    -0.2775  # y-axis
   -0.4681     0.8683     0.1643  # z-axis
...    87 A ...
   42.1938   172.0021    13.1276  # origin
   -0.3175     0.8586     0.4025  # x-axis
   -0.8534    -0.4438     0.2734  # y-axis
    0.4134    -0.2567     0.8736  # z-axis
...    88 G ...
   29.1038   160.4759    14.7853  # origin
   -0.1934     0.4367    -0.8786  # x-axis
    0.9664     0.2394    -0.0938  # y-axis
    0.1694    -0.8672    -0.4683  # z-axis
...    89 A ...
   33.2935   158.1716    25.0148  # origin
   -0.4784    -0.6368    -0.6047  # x-axis
    0.5868     0.2806    -0.7596  # y-axis
    0.6533    -0.7182     0.2394  # z-axis
...    90 A ...
   33.3685   153.5898    24.3178  # origin
    0.1966    -0.3475    -0.9168  # x-axis
    0.8482     0.5293    -0.0188  # y-axis
    0.4918    -0.7740     0.3988  # z-axis
...    91 C ...
   38.2864   152.4460    20.1173  # origin
    0.6406     0.6619    -0.3893  # x-axis
    0.2778     0.2729     0.9211  # y-axis
    0.7159    -0.6981    -0.0091  # z-axis
...    92 C ...
   41.7967   150.1092    18.2573  # origin
    0.2705     0.9542     0.1281  # x-axis
   -0.1555    -0.0880     0.9839  # y-axis
    0.9501    -0.2861     0.1245  # z-axis
...    93 A ...
   44.8331   150.1419    17.1530  # origin
    0.1269     0.7405     0.6600  # x-axis
   -0.1588    -0.6416     0.7504  # y-axis
    0.9791    -0.2000     0.0362  # z-axis
...    94 U ...
   47.6563   150.9596    16.9939  # origin
    0.0150     0.3737     0.9274  # x-axis
    0.0594    -0.9262     0.3723  # y-axis
    0.9981     0.0495    -0.0361  # z-axis
...    95 G ...
   50.8995   152.5263    18.5457  # origin
   -0.3245    -0.2134     0.9215  # x-axis
    0.0822    -0.9769    -0.1973  # y-axis
    0.9423     0.0117     0.3345  # z-axis
...    96 G ...
   53.3500   154.9166    20.6627  # origin
   -0.3453    -0.5893     0.7304  # x-axis
    0.2261    -0.8076    -0.5447  # y-axis
    0.9108    -0.0229     0.4121  # z-axis
...    97 A ...
   55.5566   155.3186    24.1670  # origin
   -0.1467    -0.9692     0.1977  # x-axis
    0.3551    -0.2381    -0.9040  # y-axis
    0.9232    -0.0624     0.3791  # z-axis
...    98 U ...
   57.4728   153.4448    26.5798  # origin
    0.2098    -0.9139    -0.3476  # x-axis
    0.5193     0.4053    -0.7524  # y-axis
    0.8284    -0.0227     0.5596  # z-axis
...    99 U ...
   61.7273   149.6953    24.3253  # origin
    0.3968    -0.0201    -0.9177  # x-axis
    0.2450     0.9658     0.0848  # y-axis
    0.8846    -0.2585     0.3881  # z-axis
...   100 U ...
   64.2033   155.7103    37.2972  # origin
   -0.5936    -0.7350    -0.3277  # x-axis
    0.1626     0.2892    -0.9433  # y-axis
    0.7881    -0.6133    -0.0522  # z-axis
...   101 C ...
   66.0108   152.2541    37.0987  # origin
   -0.4759    -0.2208    -0.8513  # x-axis
    0.5415     0.6892    -0.4814  # y-axis
    0.6930    -0.6901    -0.2084  # z-axis
...   102 C ...
   67.6156   148.4746    36.3632  # origin
   -0.2976     0.2870    -0.9105  # x-axis
    0.6431     0.7652     0.0310  # y-axis
    0.7056    -0.5763    -0.4123  # z-axis
...   103 G ...
   69.1874   148.6190    31.9208  # origin
    0.5208     0.6842    -0.5105  # x-axis
    0.7066    -0.0099     0.7076  # y-axis
    0.4791    -0.7292    -0.4886  # z-axis
...   104 A ...
   71.7989   142.1831    28.7602  # origin
    0.2279     0.8271    -0.5138  # x-axis
    0.8019     0.1398     0.5809  # y-axis
    0.5523    -0.5444    -0.6314  # z-axis
...   105 A ...
   71.8742   147.5121    30.2376  # origin
   -0.8001    -0.5447     0.2511  # x-axis
    0.5395    -0.4705     0.6983  # y-axis
   -0.2622     0.6942     0.6703  # z-axis
...   106 U ...
   77.6667   142.4218    28.4706  # origin
    0.0174    -0.6981     0.7158  # x-axis
    0.7058     0.5157     0.4857  # y-axis
   -0.7082     0.4967     0.5017  # z-axis
...   107 G ...
   83.7540   158.0779    32.2803  # origin
   -0.9934     0.0903    -0.0713  # x-axis
   -0.0335    -0.8197    -0.5718  # y-axis
   -0.1101    -0.5656     0.8173  # z-axis
...   108 A ...
   82.2995   157.0097    35.3349  # origin
   -0.7887    -0.3942    -0.4718  # x-axis
    0.5825    -0.7245    -0.3684  # y-axis
   -0.1966    -0.5654     0.8010  # z-axis
...   109 G ...
   80.3135   156.1820    38.4047  # origin
   -0.4314    -0.5362    -0.7255  # x-axis
    0.8485    -0.5143    -0.1244  # y-axis
   -0.3065    -0.6693     0.6768  # z-axis
...   110 A ...
   77.3544   153.3163    38.9297  # origin
    0.2861    -0.7059    -0.6479  # x-axis
    0.9024    -0.0290     0.4300  # y-axis
   -0.3223    -0.7077     0.6287  # z-axis
...   111 A ...
   76.4224   155.9697    53.4295  # origin
    0.8812    -0.0029     0.4727  # x-axis
    0.3592    -0.6461    -0.6735  # y-axis
    0.3074     0.7632    -0.5683  # z-axis
...   112 U ...
   67.6819   150.7419    43.6375  # origin
   -0.0263    -0.2061     0.9782  # x-axis
    0.7836     0.6033     0.1482  # y-axis
   -0.6207     0.7704     0.1457  # z-axis
...   113 C ...
   80.3904   156.3045    38.0527  # origin
   -0.4846    -0.4366    -0.7580  # x-axis
   -0.8659     0.3625     0.3448  # y-axis
    0.1243     0.8234    -0.5537  # z-axis
...   114 U ...
   82.2022   156.9366    35.0078  # origin
   -0.8054    -0.2229    -0.5492  # x-axis
   -0.5422     0.6514     0.5308  # y-axis
    0.2394     0.7253    -0.6455  # z-axis
...   115 C ...
   82.9499   158.2231    32.0285  # origin
   -0.9537     0.2594    -0.1522  # x-axis
    0.0892     0.7273     0.6805  # y-axis
    0.2872     0.6354    -0.7168  # z-axis
...   116 U ...
   84.3471   158.0989    28.9554  # origin
   -0.9484     0.2450     0.2013  # x-axis
    0.3134     0.8206     0.4779  # y-axis
   -0.0481     0.5164    -0.8550  # z-axis
...   117 A ...
   84.6191   158.3359    28.5604  # origin
   -0.9793     0.2016     0.0180  # x-axis
   -0.1725    -0.7845    -0.5956  # y-axis
   -0.1060    -0.5864     0.8031  # z-axis
...   118 C ...
   83.6013   141.6006    18.8970  # origin
    0.2215     0.3586    -0.9068  # x-axis
   -0.1237     0.9328     0.3386  # y-axis
    0.9673     0.0371     0.2510  # z-axis
...   119 A ...
   82.3540   141.2912    29.6230  # origin
   -0.5767    -0.0291    -0.8164  # x-axis
    0.3928     0.8664    -0.3083  # y-axis
    0.7163    -0.4985    -0.4883  # z-axis
...   120 A ...
   83.1404   139.9696    25.9189  # origin
   -0.0368     0.7010    -0.7122  # x-axis
    0.7641     0.4790     0.4321  # y-axis
    0.6440    -0.5283    -0.5533  # z-axis
...   121 U ...
   84.3855   138.4735    23.1084  # origin
    0.1914     0.9595    -0.2068  # x-axis
    0.7377    -0.0017     0.6751  # y-axis
    0.6474    -0.2818    -0.7081  # z-axis
...   122 U ...
   85.0913   139.1976    19.4879  # origin
    0.4433     0.8817     0.1618  # x-axis
    0.6665    -0.4449     0.5982  # y-axis
    0.5994    -0.1573    -0.7848  # z-axis
...   123 G ...
   85.7361   139.2213    15.3861  # origin
    0.5685     0.6285     0.5308  # x-axis
    0.4255    -0.7769     0.4641  # y-axis
    0.7041    -0.0380    -0.7091  # z-axis
...   124 C ...
   88.2447   141.2365    13.6123  # origin
    0.6866     0.0708     0.7236  # x-axis
    0.1249    -0.9919    -0.0215  # y-axis
    0.7162     0.1051    -0.6899  # z-axis
...   125 U ...
   93.4126   140.1283    15.2902  # origin
    0.4826    -0.7984     0.3602  # x-axis
   -0.3204    -0.5436    -0.7757  # y-axis
    0.8151     0.2589    -0.5182  # z-axis
...   126 U ...
   86.5203   140.8983     3.9340  # origin
   -0.5357    -0.3145     0.7837  # x-axis
    0.5819     0.5350     0.6125  # y-axis
   -0.6119     0.7841    -0.1036  # z-axis
...   127 C ...
   95.8031   137.0121    12.4726  # origin
   -0.2720    -0.5186    -0.8106  # x-axis
   -0.2559     0.8510    -0.4586  # y-axis
    0.9276     0.0827    -0.3642  # z-axis
...   128 G ...
   89.4920   144.1921     8.9920  # origin
    0.2514    -0.9430     0.2179  # x-axis
    0.4484     0.3130     0.8373  # y-axis
   -0.8578    -0.1128     0.5015  # z-axis
...   129 C ...
   85.8370   144.2528    23.5984  # origin
    0.2339    -0.9586     0.1624  # x-axis
    0.3072    -0.0856    -0.9478  # y-axis
    0.9224     0.2716     0.2744  # z-axis
...   130 G ...
   88.1293   141.1044    13.3088  # origin
    0.5788     0.0422     0.8144  # x-axis
   -0.0332     0.9991    -0.0282  # y-axis
   -0.8148    -0.0107     0.5796  # z-axis
...   131 C ...
   86.1939   139.2673    15.4687  # origin
    0.3601     0.6233     0.6942  # x-axis
   -0.4938     0.7586    -0.4250  # y-axis
   -0.7915    -0.1898     0.5809  # z-axis
...   132 A ...
   85.2191   139.0033    19.3379  # origin
    0.2592     0.9273     0.2700  # x-axis
   -0.6727     0.3739    -0.6384  # y-axis
   -0.6930    -0.0161     0.7208  # z-axis
...   133 A ...
   84.4034   138.4484    23.1239  # origin
   -0.0129     0.9932    -0.1159  # x-axis
   -0.7581    -0.0853    -0.6465  # y-axis
   -0.6520     0.0795     0.7541  # z-axis
...   134 U ...
   82.7757   140.1875    26.0018  # origin
   -0.3230     0.7137    -0.6215  # x-axis
   -0.6495    -0.6448    -0.4029  # y-axis
   -0.6883     0.2736     0.6719  # z-axis
...   135 G ...
   77.2852   139.6010    25.0172  # origin
    0.5740     0.7873    -0.2253  # x-axis
    0.4899    -0.1097     0.8648  # y-axis
    0.6562    -0.6067    -0.4487  # z-axis
...   136 A ...
   69.4804   135.0170    29.2446  # origin
    0.4207    -0.8095    -0.4097  # x-axis
    0.8308     0.1623     0.5324  # y-axis
   -0.3645    -0.5643     0.7407  # z-axis
...   137 G ...
   66.5377   132.0435    30.0535  # origin
    0.7588    -0.6386    -0.1279  # x-axis
    0.5425     0.5110     0.6668  # y-axis
   -0.3604    -0.5754     0.7342  # z-axis
...   138 G ...
   67.0582   128.6871    31.6324  # origin
    0.9131    -0.0840     0.3990  # x-axis
   -0.2243     0.7137     0.6635  # y-axis
   -0.3405    -0.6954     0.6329  # z-axis
...   139 A ...
   58.0515   127.4734    32.5777  # origin
    0.5712     0.5853    -0.5755  # x-axis
    0.2391     0.5520     0.7988  # y-axis
    0.7852    -0.5939     0.1754  # z-axis
...   140 A ...
   60.7682   125.8827    32.6138  # origin
    0.7210     0.6809    -0.1290  # x-axis
    0.0941     0.0882     0.9916  # y-axis
    0.6866    -0.7271    -0.0005  # z-axis
...   141 C ...
   64.0552   125.0889    31.5979  # origin
    0.6235     0.5570     0.5486  # x-axis
   -0.2741    -0.5014     0.8206  # y-axis
    0.7322    -0.6620    -0.1599  # z-axis
...   142 C ...
   70.0292   122.8220    34.4240  # origin
   -0.2553     0.3795     0.8893  # x-axis
   -0.8539    -0.5198    -0.0233  # y-axis
    0.4534    -0.7653     0.4568  # z-axis
...   143 C ...
   73.2578   121.8396    35.7625  # origin
   -0.5984     0.0751     0.7977  # x-axis
   -0.5985    -0.7037    -0.3828  # y-axis
    0.5326    -0.7065     0.4660  # z-axis
...   144 C ...
   75.4043   120.7223    38.6509  # origin
   -0.8981    -0.1777     0.4024  # x-axis
   -0.1815    -0.6836    -0.7070  # y-axis
    0.4007    -0.7079     0.5816  # z-axis
...   145 G ...
   76.0595   119.3819    42.5682  # origin
   -0.9179    -0.3965    -0.0161  # x-axis
    0.2350    -0.5106    -0.8270  # y-axis
    0.3197    -0.7629     0.5619  # z-axis
...   146 A ...
   74.6975   117.5475    45.9263  # origin
   -0.5809    -0.5628    -0.5881  # x-axis
    0.7849    -0.1960    -0.5878  # y-axis
    0.2156    -0.8030     0.5556  # z-axis
...   147 G ...
   73.5104   112.8326    44.8295  # origin
    0.3279    -0.5266    -0.7843  # x-axis
    0.9432     0.2295     0.2402  # y-axis
    0.0535    -0.8185     0.5720  # z-axis
...   148 A ...
   70.3214   116.5636    55.1200  # origin
   -0.6550    -0.4125    -0.6330  # x-axis
    0.7446    -0.4948    -0.4481  # y-axis
   -0.1284    -0.7649     0.6313  # z-axis
...   149 A ...
   68.5906   113.4625    55.8793  # origin
    0.0552    -0.6110    -0.7897  # x-axis
    0.9730    -0.1445     0.1798  # y-axis
   -0.2240    -0.7783     0.5865  # z-axis
...   150 C ...
   65.6496   112.1314    57.6441  # origin
    0.2993    -0.7404    -0.6018  # x-axis
    0.8533    -0.0745     0.5160  # y-axis
   -0.4269    -0.6680     0.6095  # z-axis
...   151 U ...
   70.4740   105.2585    57.6424  # origin
    0.9681    -0.0072     0.2506  # x-axis
   -0.1906     0.6285     0.7541  # y-axis
   -0.1629    -0.7778     0.6071  # z-axis
...   152 G ...
   71.9506   101.7632    59.5830  # origin
    0.6432     0.6535     0.3989  # x-axis
   -0.7653     0.5322     0.3621  # y-axis
    0.0243    -0.5382     0.8425  # z-axis
...   153 A ...
   73.9320   101.2905    62.5553  # origin
   -0.0031     0.8054     0.5927  # x-axis
   -0.9733    -0.1385     0.1831  # y-axis
    0.2295    -0.5763     0.7843  # z-axis
...   154 A ...
   62.1753    96.2934    72.9743  # origin
   -0.8647     0.3819     0.3263  # x-axis
    0.0713     0.7363    -0.6728  # y-axis
   -0.4972    -0.5585    -0.6639  # z-axis
...   155 A ...
   76.5387    96.4388    67.9851  # origin
   -0.4043    -0.6628    -0.6303  # x-axis
   -0.9087     0.3692     0.1947  # y-axis
    0.1037     0.6515    -0.7515  # z-axis
...   156 C ...
   73.3041    95.9805    63.4858  # origin
   -0.9959     0.0224     0.0879  # x-axis
    0.0680     0.8250     0.5610  # y-axis
   -0.0599     0.5646    -0.8232  # z-axis
...   157 A ...
   83.0831    97.7903    67.2685  # origin
   -0.5825    -0.6597     0.4748  # x-axis
   -0.7162     0.1404    -0.6836  # y-axis
    0.3844    -0.7383    -0.5543  # z-axis
...   158 U ...
   73.6353    95.4128    58.0074  # origin
   -0.4634     0.4682     0.7524  # x-axis
    0.7680     0.6358     0.0774  # y-axis
   -0.4421     0.6137    -0.6542  # z-axis
...   159 C ...
   72.1705   101.4009    60.1380  # origin
    0.5921     0.7497     0.2956  # x-axis
    0.6309    -0.2030    -0.7488  # y-axis
   -0.5014     0.6299    -0.5932  # z-axis
...   160 U ...
   72.5794   106.6684    58.8327  # origin
    0.9762     0.1102    -0.1870  # x-axis
   -0.0409    -0.7527    -0.6571  # y-axis
   -0.2132     0.6490    -0.7303  # z-axis
...   161 C ...
   73.4422   108.9146    57.1384  # origin
    0.7306    -0.3788    -0.5681  # x-axis
   -0.6817    -0.4520    -0.5753  # y-axis
   -0.0389     0.8076    -0.5885  # z-axis
...   162 A ...
   75.0536   109.8706    53.1375  # origin
   -0.1749     0.5068     0.8441  # x-axis
   -0.9764     0.0209    -0.2148  # y-axis
   -0.1265    -0.8618     0.4912  # z-axis
...   163 G ...
   78.3702   110.0833    47.8712  # origin
    0.7326    -0.4797    -0.4829  # x-axis
   -0.6543    -0.3010    -0.6938  # y-axis
    0.1875     0.8242    -0.5344  # z-axis
...   164 U ...
   72.7641   113.7063    52.6901  # origin
    0.8979    -0.2698    -0.3477  # x-axis
   -0.4291    -0.3611    -0.8279  # y-axis
    0.0978     0.8927    -0.4400  # z-axis
...   165 A ...
   75.0079   117.2307    51.5824  # origin
    0.3947    -0.6084    -0.6885  # x-axis
   -0.9118    -0.1671    -0.3750  # y-axis
    0.1131     0.7758    -0.6208  # z-axis
...   166 U ...
   74.9761   117.5558    46.3573  # origin
   -0.6325    -0.5024    -0.5895  # x-axis
   -0.7728     0.4598     0.4374  # y-axis
    0.0513     0.7323    -0.6791  # z-axis
...   167 C ...
   75.8630   119.0141    42.4632  # origin
   -0.9480    -0.2770    -0.1565  # x-axis
   -0.3008     0.6200     0.7247  # y-axis
   -0.1037     0.7341    -0.6711  # z-axis
...   168 G ...
   75.5443   120.6303    38.5637  # origin
   -0.9402    -0.0267     0.3395  # x-axis
    0.2545     0.6073     0.7526  # y-axis
   -0.2263     0.7940    -0.5642  # z-axis
...   169 G ...
   73.3899   121.6670    35.5997  # origin
   -0.6603     0.2321     0.7142  # x-axis
    0.6752     0.5998     0.4293  # y-axis
   -0.3287     0.7657    -0.5528  # z-axis
...   170 G ...
   69.9593   122.9613    34.4043  # origin
   -0.2074     0.4186     0.8842  # x-axis
    0.8663     0.4985    -0.0327  # y-axis
   -0.4544     0.7592    -0.4660  # z-axis
...   171 A ...
   66.1725   122.6191    31.0616  # origin
   -0.0728     0.4682     0.8806  # x-axis
    0.8634     0.4716    -0.1793  # y-axis
   -0.4993     0.7472    -0.4386  # z-axis
...   172 G ...
   63.5442   124.8102    31.4284  # origin
    0.3518     0.7755     0.5241  # x-axis
    0.5928     0.2488    -0.7660  # y-axis
   -0.7245     0.5802    -0.3722  # z-axis
...   173 G ...
   60.7589   126.2272    31.1037  # origin
    0.3907     0.8802     0.2695  # x-axis
    0.1682     0.2196    -0.9610  # y-axis
   -0.9050     0.4208    -0.0623  # z-axis
...   174 A ...
   62.2622   116.8672    30.6308  # origin
   -0.5560    -0.8297    -0.0487  # x-axis
   -0.4813     0.3692    -0.7951  # y-axis
    0.6777    -0.4186    -0.6046  # z-axis
...   175 A ...
   63.4756   113.3094    28.8935  # origin
   -0.7129    -0.2830    -0.6416  # x-axis
    0.1050     0.8615    -0.4967  # y-axis
    0.6934    -0.4215    -0.5845  # z-axis
...   176 C ...
   63.2592   112.4135    25.7339  # origin
   -0.3029     0.4423    -0.8442  # x-axis
    0.8365     0.5478    -0.0131  # y-axis
    0.4567    -0.7101    -0.5359  # z-axis
...   177 A ...
   64.4057   111.7077    20.8501  # origin
    0.2567     0.8834    -0.3920  # x-axis
    0.8956    -0.0649     0.4402  # y-axis
    0.3634    -0.4641    -0.8078  # z-axis
...   178 G ...
   67.1602   112.8249    18.0885  # origin
    0.6100     0.7214     0.3279  # x-axis
    0.5713    -0.6871     0.4489  # y-axis
    0.5491    -0.0865    -0.8313  # z-axis
...   179 A ...
   64.6498   106.6216    13.3154  # origin
    0.0206     0.9702     0.2415  # x-axis
    0.9279    -0.1085     0.3566  # y-axis
    0.3722     0.2167    -0.9025  # z-axis
...   180 A ...
   67.5156    96.3689    18.7717  # origin
   -0.3829    -0.7271    -0.5698  # x-axis
    0.8803    -0.1000    -0.4638  # y-axis
    0.2803    -0.6792     0.6783  # z-axis
...   181 A ...
   86.6076    94.9357    18.8705  # origin
    0.4260     0.3293     0.8427  # x-axis
   -0.8967     0.2773     0.3449  # y-axis
   -0.1201    -0.9026     0.4135  # z-axis
...   182 A ...
   68.9182    91.1557    17.7879  # origin
    0.5448    -0.5713    -0.6139  # x-axis
    0.8260     0.4921     0.2750  # y-axis
    0.1450    -0.6569     0.7399  # z-axis
...   183 C ...
   68.3456    87.1761    18.2306  # origin
    0.8867    -0.2983    -0.3532  # x-axis
    0.4614     0.6185     0.6361  # y-axis
    0.0287    -0.7270     0.6860  # z-axis
...   184 G ...
   73.2471    85.4724    19.6018  # origin
    0.7978     0.5916     0.1164  # x-axis
   -0.3615     0.3147     0.8777  # y-axis
    0.4826    -0.7423     0.4649  # z-axis
...   185 C ...
   56.3182    86.3375    23.1199  # origin
    0.2254     0.6924    -0.6854  # x-axis
    0.9742    -0.1491     0.1697  # y-axis
    0.0152    -0.7060    -0.7081  # z-axis
...   186 A ...
   73.8317    82.4580    21.4393  # origin
    0.2231     0.7131     0.6646  # x-axis
   -0.8942    -0.1217     0.4308  # y-axis
    0.3881    -0.6904     0.6106  # z-axis
...   187 A ...
   66.0730    85.2815    21.5071  # origin
    0.9439     0.2839     0.1688  # x-axis
    0.3226    -0.6829    -0.6554  # y-axis
   -0.0707     0.6731    -0.7362  # z-axis
...   188 U ...
   60.4252    74.3876    10.6557  # origin
   -0.4840    -0.1411     0.8636  # x-axis
    0.5218     0.7457     0.4143  # y-axis
   -0.7025     0.6512    -0.2873  # z-axis
...   189 G ...
   68.0715    87.2370    18.6699  # origin
    0.8672    -0.2960    -0.4004  # x-axis
   -0.4875    -0.6688    -0.5614  # y-axis
   -0.1016     0.6820    -0.7242  # z-axis
...   190 U ...
   69.0963    90.9340    18.1923  # origin
    0.5263    -0.5021    -0.6862  # x-axis
   -0.8492    -0.3503    -0.3950  # y-axis
   -0.0420     0.7907    -0.6108  # z-axis
...   191 G ...
   68.9826    90.5854    13.2866  # origin
   -0.4240    -0.7933    -0.4369  # x-axis
   -0.9054     0.3834     0.1825  # y-axis
    0.0228     0.4729    -0.8808  # z-axis
...   192 A ...
   63.3821   107.3530    17.6520  # origin
   -0.9481    -0.1630    -0.2730  # x-axis
    0.2412    -0.9283    -0.2832  # y-axis
   -0.2073    -0.3343     0.9194  # z-axis
...   193 U ...
   59.7181   107.0054    20.7500  # origin
   -0.5619    -0.7430    -0.3637  # x-axis
    0.8119    -0.5795    -0.0704  # y-axis
   -0.1585    -0.3348     0.9288  # z-axis
...   194 G ...
   56.7375   106.0860    23.6216  # origin
   -0.0629    -0.9043    -0.4223  # x-axis
    0.9882    -0.1157     0.1007  # y-axis
   -0.1399    -0.4109     0.9009  # z-axis
...   195 U ...
   56.2850   102.2297    24.9781  # origin
    0.7439    -0.6462    -0.1706  # x-axis
    0.6323     0.5978     0.4927  # y-axis
   -0.2163    -0.4744     0.8533  # z-axis
...   196 C ...
   54.7283    99.6831    26.9929  # origin
    0.9798    -0.2000    -0.0099  # x-axis
    0.1694     0.8019     0.5730  # y-axis
   -0.1066    -0.5630     0.8195  # z-axis
...   197 G ...
   55.3815    96.3704    29.1111  # origin
    0.9172     0.3964     0.0409  # x-axis
   -0.3557     0.7680     0.5326  # y-axis
    0.1797    -0.5030     0.8454  # z-axis
...   198 U ...
   58.5233    95.4988    30.9596  # origin
    0.5026     0.8064     0.3115  # x-axis
   -0.7839     0.2731     0.5576  # y-axis
    0.3646    -0.5245     0.7694  # z-axis
...   199 U ...
   60.5708    96.1171    34.0816  # origin
   -0.2442     0.6964     0.6748  # x-axis
   -0.7991    -0.5388     0.2668  # y-axis
    0.5494    -0.4741     0.6881  # z-axis
...   200 A ...
   61.1691    96.2475    37.8141  # origin
    0.5767    -0.2418    -0.7804  # x-axis
   -0.3695    -0.9291     0.0148  # y-axis
   -0.7286     0.2798    -0.6251  # z-axis
...   201 G ...
   61.5840    98.0606    44.3202  # origin
   -0.2155     0.7133     0.6669  # x-axis
   -0.6157    -0.6294     0.4742  # y-axis
    0.7580    -0.3084     0.5748  # z-axis
...   202 U ...
   63.8949    92.6603    38.6161  # origin
   -0.1049     0.8595     0.5003  # x-axis
   -0.6847    -0.4272     0.5904  # y-axis
    0.7212    -0.2806     0.6333  # z-axis
...   203 A ...
   67.5180    93.1995    40.6030  # origin
   -0.6040     0.4151     0.6804  # x-axis
   -0.4907    -0.8663     0.0929  # y-axis
    0.6280    -0.2778     0.7270  # z-axis
...   204 A ...
   66.7268    92.3529    46.3115  # origin
   -0.8010    -0.5406     0.2572  # x-axis
    0.2534    -0.6954    -0.6725  # y-axis
    0.5424    -0.4736     0.6940  # z-axis
...   205 C ...
   67.5699    92.4041    50.3967  # origin
   -0.5925    -0.8016    -0.0796  # x-axis
    0.5995    -0.3728    -0.7083  # y-axis
    0.5381    -0.4674     0.7014  # z-axis
...   206 C ...
   67.8935    88.8370    52.1757  # origin
    0.0166    -0.7290    -0.6843  # x-axis
    0.9063     0.3000    -0.2976  # y-axis
    0.4222    -0.6153     0.6657  # z-axis
...   207 G ...
   73.9316    96.5167    63.0377  # origin
   -0.9325    -0.0537     0.3570  # x-axis
   -0.0890    -0.9241    -0.3716  # y-axis
    0.3499    -0.3783     0.8570  # z-axis
...   208 C ...
   72.1886    85.7325    48.4085  # origin
    0.7783     0.3329    -0.5324  # x-axis
    0.4284     0.3384     0.8378  # y-axis
    0.4591    -0.8802     0.1207  # z-axis
...   209 G ...
   72.7836    96.2261    58.0909  # origin
    0.5144    -0.0840    -0.8534  # x-axis
   -0.2823    -0.9563    -0.0760  # y-axis
   -0.8097     0.2800    -0.5157  # z-axis
...   210 A ...
   71.1194    96.2622    54.6753  # origin
    0.1771    -0.7761    -0.6052  # x-axis
   -0.6490    -0.5544     0.5210  # y-axis
   -0.7398     0.3005    -0.6019  # z-axis
...   211 G ...
   68.3184    92.5333    50.4810  # origin
   -0.5914    -0.8040    -0.0624  # x-axis
   -0.5737     0.3652     0.7331  # y-axis
   -0.5667     0.4693    -0.6772  # z-axis
...   212 U ...
   66.8416    91.7406    46.6757  # origin
   -0.8371    -0.4628     0.2918  # x-axis
   -0.2212     0.7741     0.5932  # y-axis
   -0.5004     0.4320    -0.7503  # z-axis
...   213 G ...
   61.8919    92.1575    46.0807  # origin
   -0.5212     0.3299     0.7871  # x-axis
